# 相机内参
camera_matrix:
  rows: 3
  cols: 3
  data: [3.0245305983229298e+02, 0.0,                    4.9664001463163459e+02,
         0.0,                    3.2074618594392325e+02, 3.3119980984361649e+02,
         0.0,                    0.0,                    1.0]

# 畸变系数
dist_coeffs:
  rows: 4
  cols: 1
  data: [-4.3735601598704078e-02, 2.1692522970939803e-02, -2.6388839028513571e-02, 8.4123126605702321e-03]

# 缩放系数
scale_xy:
  rows: 1
  cols: 2
  data: [0.7, 0.8]

# 平移量
shift_xy:
  rows: 1
  cols: 2
  data: [-150, -100]

# 投影矩阵
projection_matrix:
  rows: 3
  cols: 3
  data: [-6.95572339e-01, -2.60741684e+00, 7.04976156e+02,
         -2.76692031e-01, -2.57753754e+00, 6.39781413e+02,
         -5.28192806e-04, -4.59810364e-03, 1.00000000e+00]

# 鸟瞰图尺寸
aerial_view_shape: [1200, 550]