# 大华登录配置
device_id: 0
ip: 192.168.110.11
port: 37777
username: admin
password: xy123456
channel: 0
stream_type: sub

# 相机参数
camera_matrix:
  rows: 3
  cols: 3
  data: [ 280.27717366, 0.,           315.71316273,
          0.,           278.69427354, 235.86765763,
          0.,           0.,           1. ]

# 畸变系数
dist_coeffs:
  rows: 4
  cols: 1
  data: [ -0.50786977, 0.20566349, 0.00434329, 0.0019844 ]

# 光心到球面距离
xi: 0.46084497642976924

resolution:
  rows: 2
  cols: 1
  data: [ 640, 480 ]

# 投影变换
project_matrix:
  rows: 3
  cols: 3
  data: [ -3.761926511201444,    -7.420769278744171,   2051.526129785623,
          0.5043810511231133,    -7.397588749805685,   1486.915338710943,
          0.0008550337909930398, -0.01206692362494745, 1 ]

project_resolution:
  rows: 2
  cols: 1
  data: [ 1200, 400 ]

# 缩放偏移
scale_xy:
  rows: 2
  cols: 1
  data: [ 0.7, 0.7 ]

shift_xy:
  rows: 2
  cols: 1
  data: [ 19., -127. ]