# 大华登录配置
device_id: 2
ip: 192.168.110.13
port: 37777
username: admin
password: xy123456
channel: 0
stream_type: sub

# 相机参数
camera_matrix:
  rows: 3
  cols: 3
  data: [ 318.90168912, 0.,           321.93460368,
          0.,           317.72588183, 251.42936061,
          0.,           0.,           1. ]

dist_coeffs:
  rows: 4
  cols: 1
  data: [ -0.535258206843055, 0.22671676890708573, -0.001448255370467823, -0.002264945328702167 ]

xi: 0.8219618428608519

resolution:
  rows: 2
  cols: 1
  data: [ 640, 480 ]

# 投影变换
project_matrix:
  rows: 3
  cols: 3
  data: [ -2.609192312505845,     -3.803749650056558,   1364.640478100472,
          -0.2917631456318662,    -3.610568927194344,   894.9469788325454,
          -0.0004933801454965491, -0.00637504427923553, 1 ]
project_resolution:
  rows: 2
  cols: 1
  data: [ 1200, 400 ]

# 缩放偏移
scale_xy:
  rows: 2
  cols: 1
  data: [ 0.4, 0.4 ]

shift_xy:
  rows: 2
  cols: 1
  data: [ 17., -106. ]