# 大华登录配置
device_id: 3
ip: 192.168.110.14
port: 37777
username: admin
password: xy123456
channel: 0
stream_type: sub

# 相机参数
camera_matrix:
  rows: 3
  cols: 3
  data: [ 276.0077290806457, 0.,           329.77374605422096,
          0.,           274.3938299298498, 241.34709400158982,
          0.,           0.,           1. ]

dist_coeffs:
  rows: 4
  cols: 1
  data: [ -0.4763885610731474, 0.18797715683375726, -0.0027699524941792995, -0.004239387952800457 ]

xi: 0.5812835087633677

resolution:
  rows: 2
  cols: 1
  data: [ 640, 480 ]

# 投影变换
project_matrix:
  rows: 3
  cols: 3
  data: [ -3.302139811112317,    -5.808008064945809,    1715.309652182814,
          0.1417421065619265,    -5.338952680499186,    1083.760146772481,
          8.864977028902133e-05, -0.009351171039666406, 1 ]
project_resolution:
  rows: 2
  cols: 1
  data: [ 1200, 400 ]

# 缩放偏移
scale_xy:
  rows: 2
  cols: 1
  data: [ 0.55, 0.55 ]

shift_xy:
  rows: 2
  cols: 1
  data: [ -5., -120. ]